6212603
6362419
6361862
7860803
6362729
6362737
6362443
6362672
6362680
6362699
6362702
6362710
6362753
6362389
6362397
6362761
6362567
6212484
2123215
2123215
2123215
2123215
2123215
2099799
2099799
2099799
2099799
2099799
6032079
6032079
6032079
6032079
6032079
6031951
2981912
2044463
6031986
1897314
6362435
4963725
1006304
4963687
1006304
6212433
6230733
6212468
6212492
6230741
6031714
6031714
6031714
6031714
7858728
7858701
6031692
6031692
6031676
6031676
7860692
7860692
1006142
6031455
4963636
4963636
4979796
4979796
4979788
4979788
6362400
6362400
6487262
6487297
6487211
6362656
6212514
6212573
6362664
6212565
6362583
6362575
6362605
1897268
1897276
6212530
1897233
6212557
6575943
6031684
6031684
1897322
7860803
6212549
2099594
6032095
7858736
5118328
6212522
6031943
1039121
6954022
6954030
6954502
7860730
6954537
6954510
6954529
6954537
7858671
7871058
6954707
1897357
6954707
6954715
6954715
6954723
6954723
6954553
6954928
6954561
6954561
6031668
6212433
1897292
6032036
1897306
7860773
7860773
6031617
6230733
6954588
6954596
6954596
6954618
4963687
6954618
6954499
6336027
6336035
7858663
1897349
6336043
6954499
6335721
6336000
6336019
4963725
6954626
6212468
6212492
6230741
6954626
6032001
6954464
6954464
4963644
6031897
6691773
4963644
6954472
7860757
6954472
6212506
7858647
6954650
6954634
6031706
6031706
6954669
6954669
6954669
6954669
6031919
6031919
6954669
6954669
6954669
6954669
6954677
6954677
6954677
6954677
7860722
6031900
6954677
6954677
6954677
6954677
7860757
1897330
6954685
6954685
6954685
6954685
6954685
6954685
6954685
6954685
6487246
6092268
6626645
6092268
6031927
6031935
6575935
