KEYED FILE IS FULL - SRPDF.DAT
=============================
  45
  57
 168
 190
 199
 237
 247
 249
 268
 293
 323
 394
 397
 446
 524
 530
 550
 553
 561
 585
 617
 625
 644
 692
 700
 715
 748
 768
 769
 850
 880
 885
 936
 969
 993
1014
1067
1157
1161
1292
1301
1447
1457
1527
1548
1607
1666
1707
1729
1833
1903
1910
2010
2032
2092
5049
5060
5066
5072
6009
6028
6034
6060
6402
6415
6459
6474
6476
6490
6502
6515
6530
6534
6565
6573
6584
6701
6706

KEYED FILE PERFORMANCE - CARTON.BIN
==================================
1087

KEYED FILE PERFORMANCE - CCLAM.BIN
==================================
 778

KEYED FILE PERFORMANCE - EALIMLST.DAT
==================================
  23
 190
 272
 675
 680
 707
1483

KEYED FILE PERFORMANCE - EALITEMR.DAT
==================================
  11
  28
  40
  51
  71
  78
  93
 109
 116
 122
 125
 130
 137
 142
 146
 147
 160
 161
 165
 170
 171
 179
 211
 216
 245
 263
 288
 318
 332
 354
 355
 362
 367
 371
 372
 373
 377
 386
 388
 402
 403
 408
 409
 411
 412
 419
 425
 445
 467
 471
 477
 481
 484
 492
 496
 498
 509
 510
 513
 518
 525
 534
 536
 543
 547
 564
 576
 581
 594
 597
 601
 632
 646
 677
 718
 728
 743
 751
 759
 761
 778
 788
 800
 808
 815
 822
 828
 829
 876
 881
 895
 897
 907
 923
 925
 929
 962
 967
 968
 984
 985
1002
1009
1010
1015
1017
1021
1025
1041
1042
1049
1058
1068
1072
1079
1081
1112
1116
1124
1134
1141
1144
1167
1171
1192
1194
1199
1213
1219
1227
1243
1245
1246
1248
1253
1256
1257
1264
1290
1299
1336
1352
1353
1355
1363
1366
1403
1409
1413
1414
1420
1422
1423
1427
1437
1462
1463
1467
1472
1475
1479
1482
1491
1508
1509
1515
1534
1576
1808
1814
1817
1819
1823
1824
1825
1829
1830
1844
1849
1854
2013
2014
2024
2025
2026
2049
2052
2059
2061
2072
2074
2078
2080
2085
2115
2117
2609
5026
6003
6012
6018
6025
6039
6047
6050
6057
6089
6445
6458
6559

KEYED FILE PERFORMANCE - IDF.BIN
==================================
 398
 570
 595
 675
 868
 949
1277
1458
1724
1735
1740
1767
6002
6005
6007
6008
6016
6022
6041
6046
6053
6073
6076
6079
6090
6447
6458
6461
6529

KEYED FILE PERFORMANCE - ISF.BIN
==================================
6431

KEYED FILE PERFORMANCE - PHF.BIN
==================================
   6
   9
  12
  18
  19
  21
  26
  28
  32
  36
  38
  46
  51
  52
  53
  54
  57
  61
  62
  72
  73
  74
  75
  76
  81
  85
  90
  92
  93
  95
  98
 109
 110
 113
 118
 119
 120
 127
 129
 130
 135
 140
 144
 155
 156
 158
 160
 163
 171
 172
 176
 181
 185
 193
 198
 200
 210
 218
 220
 224
 225
 237
 252
 253
 254
 255
 258
 261
 267
 272
 273
 275
 281
 282
 283
 285
 286
 290
 292
 293
 295
 297
 299
 301
 309
 310
 311
 313
 315
 319
 326
 337
 341
 349
 350
 353
 355
 356
 362
 365
 373
 375
 380
 385
 389
 391
 395
 396
 397
 399
 401
 405
 412
 419
 424
 427
 432
 433
 441
 445
 446
 447
 455
 456
 461
 465
 469
 472
 473
 479
 483
 490
 500
 502
 506
 507
 511
 518
 519
 526
 527
 530
 531
 533
 536
 538
 542
 545
 550
 551
 553
 554
 557
 559
 562
 566
 567
 571
 576
 579
 581
 583
 587
 588
 592
 597
 611
 615
 617
 622
 625
 626
 627
 630
 631
 633
 642
 643
 645
 650
 651
 653
 655
 656
 658
 666
 667
 670
 679
 683
 691
 692
 693
 698
 713
 714
 720
 728
 748
 751
 756
 769
 775
 777
 778
 786
 796
 798
 800
 801
 805
 814
 817
 819
 824
 826
 831
 836
 849
 850
 864
 865
 869
 875
 876
 880
 881
 883
 892
 897
 906
 907
 909
 910
 912
 913
 914
 917
 921
 928
 929
 930
 932
 934
 936
 938
 944
 948
 953
 956
 961
 964
 966
 967
 969
 970
 983
 985
 986
 987
 989
 991
1001
1007
1012
1013
1016
1018
1023
1034
1039
1040
1047
1048
1058
1060
1074
1078
1079
1080
1086
1096
1110
1113
1118
1123
1124
1127
1129
1133
1144
1154
1157
1165
1187
1193
1199
1215
1218
1221
1223
1227
1233
1234
1236
1244
1246
1257
1258
1292
1298
1299
1301
1323
1338
1361
1400
1403
1407
1415
1422
1441
1445
1449
1455
1457
1465
1474
1483
1490
1491
1523
1524
1536
1538
1550
1557
1559
1575
1579
1580
1584
1585
1587
1595
1648
1653
1655
1659
1660
1801
1807
1808
1810
1818
1828
1831
1839
1854
2001
2006
2010
2013
2014
2023
2024
2032
2070
2089
2092
2094
2103
5009
5016
5019
5031
5034
5053
5066
5067
5536
6002
6003
6005
6012
6016
6025
6039
6041
6043
6045
6050
6060
6073
6094
6113
6402
6414
6419
6420
6437
6444
6445
6453
6458
6459
6463
6467
6473
6474
6476
6478
6479
6481
6482
6485
6489
6494
6497
6498
6499
6504
6509
6510
6511
6512
6515
6518
6520
6521
6524
6525
6526
6527
6531
6537
6538
6539
6540
6542
6546
6549
6550
6551
6555
6556
6558
6561
6564
6565
6567
6568
6572
6574
6575
6577
6578
6582
6583

KEYED FILE PERFORMANCE - SRITEML.DAT
==================================
   6
  56
  61
  84
  85
  96
 132
 138
 158
 240
 243
 251
 259
 262
 264
 272
 280
 301
 323
 330
 390
 500
 577
 602
 633
 675
 680
 707
 785
 821
 849
 866
 917
 938
 950
 956
 970
1060
1150
1153
1200
1298
1449
1523
1669
1705
1744
1784
1815
2011
2092
2777
5002
6009
6404
6405
6414
6476
6478
6500
6526
6562

KEYED FILE PERFORMANCE - SRITEMP.DAT
==================================
   6
1060

KEYED FILE PERFORMANCE - SRMOD.DAT
==================================
  52
  61
  64
  89
  90
  95
 100
 144
 155
 158
 176
 190
 220
 222
 225
 237
 254
 262
 264
 268
 272
 274
 280
 310
 323
 330
 365
 375
 380
 451
 472
 479
 500
 503
 506
 520
 548
 553
 562
 567
 570
 583
 600
 625
 630
 633
 640
 642
 680
 682
 695
 719
 739
 763
 812
 846
 858
 885
 913
 917
 930
 934
 935
 940
 956
 967
 969
 970
 983
1012
1016
1018
1023
1024
1060
1104
1111
1114
1157
1179
1185
1200
1230
1298
1415
1433
1447
1457
1562
1613
1616
1620
1624
1626
1707
1813
2006
2020
2023
2079
2092
5049
6006
6009
6032
6094
6386
6413
6420
6423
6450
6482
6488
6490
6521
6531
6546
6555
6577
6579
6587
6594
6596
6614
6615
6701

KEYED FILE PERFORMANCE - SRPDF.DAT
==================================
  12
  23
  29
  45
  52
  57
  84
  89
  92
  96
 109
 110
 132
 138
 158
 163
 168
 171
 181
 190
 191
 199
 222
 223
 225
 232
 237
 240
 247
 249
 253
 254
 259
 260
 261
 268
 272
 286
 290
 293
 301
 305
 323
 391
 394
 397
 421
 424
 439
 443
 446
 459
 472
 500
 506
 519
 524
 526
 530
 531
 548
 550
 553
 559
 561
 565
 570
 585
 617
 625
 633
 640
 642
 644
 672
 692
 700
 713
 715
 723
 747
 748
 763
 768
 769
 795
 814
 819
 824
 836
 849
 850
 865
 866
 877
 880
 885
 906
 917
 921
 928
 934
 936
 938
 940
 941
 944
 950
 953
 969
 975
 985
 989
 993
1014
1024
1038
1066
1067
1078
1096
1103
1114
1133
1154
1157
1161
1175
1179
1181
1182
1200
1277
1292
1298
1301
1433
1447
1449
1457
1481
1524
1527
1548
1580
1607
1616
1626
1666
1707
1708
1721
1729
1743
1744
1745
1774
1777
1782
1818
1833
1903
1910
2010
2012
2030
2032
2079
2089
2092
5009
5049
5060
5066
5072
6009
6028
6034
6060
6402
6404
6406
6415
6426
6435
6438
6443
6444
6447
6450
6459
6474
6476
6483
6484
6488
6490
6494
6502
6515
6523
6530
6534
6549
6554
6565
6566
6567
6573
6577
6580
6584
6593
6596
6597
6599
6611
6615
6618
6701
6706

KEYED FILE PERFORMANCE - SRPOG.DAT
==================================
  52
  83
 176
 264
 394
 553
 562
 625
 640
 719
 913
 934
 967
 983
1067
1096
1104
1114
1175
1415
1433
1768
6094
6420
6521
6528
6546
6595
6596

KEYED FILE PERFORMANCE - SRSXF.DAT
==================================
  76
 254
 562
 650
 707
 772
 795
 812
 846
 978
1143
1150
1828
6435
6531
6572
6704

LOG EXCEPTIONS
==============
 842
2106
4660
