1284800
1557807
1571060
1571109
3455637
3624552
5974658
6006019
6008127
6008135
6022421
6322816
6322824
6322832
6322840
6322859
6322867
6323669
6323758
6329098
6331416
6331424
6342345
6342426
6342434
6347126
6347142
6348807
6350070
6350089
6350100
6353762
6354793
6354807
6355404
6356362
6378765
6380425
6380433
6380441
6527000
6527019
6527027
6527035
6527043
6527051
6527078
6527086
6527094
6527108
6527116
6540260
6540279
6540287
6540295
6540309
6540317
6540325
6540333
6540341
6540376
6540384
6540392
6540406
6540414
6540422
6540430
6540449
6540457
6540465
6540473
6540481
6540503
6540511
6540538
6540546
6540562
6540570
6540597
6543294
6543308
6543316
6544398
6544401
6544436
6544444
6544452
6544460
6544479
6544487
6544495
6544509
6544517
6544525
6544533
6544541
6544568
6544576
6544584
6544592
6544606
6546463
6546471
6546498
6546501
6546528
6546536
6546544
6546552
6546560
6546579
6546587
6546595
6546609
6546617
6546625
6546633
6546641
6546668
6546676
6546684
6546692
6546706
6546722
6546781
6546803
6551009
6551025
6551033
6551041
6551076
6551092
6551106
6551114
6551122
6551149
6551157
6551173
6551181
6551203
6551297
6551319
6551327
6551378
6551386
6551408
6551416
6551424
6551432
6551459
6551467
6551475
6551483
6551491
6553214
6553222
6553230
6553249
6553257
6553265
6553273
6553281
6553303
6553311
6553338
6553346
6554407
6554415
6554423
6554466
6554490
6554504
6554512
6554520
6582168
6582176
6582184
6582192
6582206
6582222
6582230
6587534
6587542
6587550
6587569
6587577
6587585
6587593
6588794
6591728
6591744
6591752
6591760
6591779
6591787
6591795
6591809
6591817
6591825
6591833
6591841
6591868
6591876
6591892
6591906
6591914
6591922
6591930
6591949
6591957
6591965
6591973
6591981
6592007
6592015
6592023
6592031
6592058
6592066
6592074
6592082
6592198
6592201
6592228
6592244
6592252
6592260
6592287
6592341
6592538
6592546
6592554
6592562
6592570
6592589
6592597
6592600
6592619
6595812
6595820
6596258
6596266
6596274
6596282
6596290
6596304
6596320
6596347
6596355
6596363
6596371
6596398
6596401
6596428
6596436
6596444
6596452
6596754
6596762
6596975
6596983
6597009
6598048
6598056
6598064
6598072
6598080
6598099
6600352
6600379
6600387
6600409
6600425
6600433
6601359
6601367
6601375
6601383
6601391
6602320
6602339
6602347
6602355
6602363
6602371
6602398
6602401
6602428
6602436
6602444
6602460
6602479
6602487
6602495
6602509
6602517
6602525
6602533
6602541
6602568
6602576
6602584
6602592
6602606
6602614
6602622
6602630
6602649
6602657
6602665
6602738
6602746
6602754
6602762
6602770
6602789
6602797
6602800
6602827
6602835
6602843
6602886
6602894
6602908
6602916
6602924
6602940
6602959
6602967
6602975
6602983
6603106
6603122
6603130
6603149
6603157
6603165
6603173
6603181
6603203
6603211
6603238
6603246
6603254
6603718
6603726
6603734
6603742
6603750
6603769
6603777
6603882
6603890
6603904
6603912
6603920
6603939
6603955
6603963
6603971
6603998
6606768
6606784
6606792
6606806
6606814
6606822
6606830
6606849
6606857
6607144
6607152
6607179
6607187
6607209
6607217
6607292
6607306
6607314
6607322
6607330
6607349
6607357
6607365
6607373
6607381
6607403
6607411
6608752
6608760
6608779
6608981
6609007
6609015
6609023
6609031
6609058
6609066
6609082
6610641
6610668
6610692
6610706
6610714
6610722
6610730
6610749
6610757
6613942
6613950
6613969
6613977
6613993
6614000
6614019
6614027
6614035
6614051
6614078
6614779
6614795
6614809
6614817
6614825
6614833
6614841
6614868
6614884
6614892
6614906
6614914
6614922
6614930
6614949
6614957
6614965
6614973
6614981
6615007
6615015
6615023
6615031
6615058
6616194
6616208
6616216
6616224
6616232
6616240
6616410
6616429
6616437
6616445
6616453
6616461
6616488
6616496
6616518
6616526
6616534
6616542
6616550
6616569
6616577
6616585
6616593
6616607
6616666
6616674
6616682
6616690
6616704
6616712
6616720
6616739
6616747
6616755
6616763
6616771
6616798
6616801
6616828
6616836
6616844
6619681
6619703
6619711
6619738
6619746
6619754
6619762
6619789
6619886
6619894
6619908
6619916
6619924
6619932
6619940
6619959
6625371
6625398
6625401
6625428
6625436
6625444
6625452
6625460
6625479
6625487
6625495
6625509
6625517
6625525
6625533
6625789
6626378
6626386
6626394
6626408
6626416
6626424
6626432
6626440
6626459
6626467
6626475
6626483
6627617
6627625
6627633
6627641
6627668
6627676
6627684
6627692
6627706
6627714
6627722
6627730
6627749
6627757
6627765
6627773
6627811
6627838
6627854
6627870
6627889
6627897
6627900
6627919
6627927
6627935
6627943
6627951
6627978
6627986
6630472
6630480
6630499
6630502
6630510
6630529
6642489
6642977
6642985
6644503
6646085
6646107
6646115
6646123
6646131
6646158
6647286
6647294
6647308
6647316
6652239
6652247
6652255
6652263
6652395
6652425
6655610
6656501
6656811
6656838
6656846
6656854
6656862
6656870
6656889
6657761
6657788
6658954
6658962
6658970
6658989
6658997
6659004
6659012
6659020
6659039
6659047
6659055
6659063
6659071
6659098
6659144
6659152
6659160
6659179
6659187
6659195
6659209
6659217
6659225
6659233
6659241
6659268
6659276
6659314
6659322
6659330
6659349
6659357
6659365
6659373
6659381
6659411
6659438
6659446
6659454
6659462
6661963
6662005
6662013
6662021
6662056
6662064
6662358
6662366
6662374
6662382
6662390
6662404
6663028
6663036
6663044
6663052
6663060
6663079
6663095
6663109
6663133
6663141
6663168
6663176
6663184
6663192
6663206
6663214
6663222
6663230
6663249
6663257
6663265
6663273
6663281
6664148
6664156
6664164
6664172
6664180
6664199
6664202
6664210
6664229
6664245
6664253
6664261
6664288
6664296
6664318
6664326
6664334
6664342
6664369
6664377
6664490
6664504
6664512
6664520
6664539
6664547
6664555
6664563
6664571
6666728
6666736
6666744
6666752
6666760
6666779
6666787
6666795
6666809
6666817
6666825
6667082
6667090
6667104
6667112
6667155
6667163
6667171
6667198
6667201
6667228
6667236
6667252
6667260
6667279
6667287
6667295
6667309
6667872
6668550
6668569
6668577
6668585
6668607
6668615
6668623
6668658
6668666
6668674
6668682
6668690
6668704
6668712
6670725
6670733
6670741
6670768
6670865
6670873
6670962
6670970
6670989
6670997
6671004
6671012
6671020
6671039
6671047
6671055
6671063
6671071
6671098
6671101
6671128
6671136
6671144
6671152
6671160
6671268
6671276
6671322
6671330
6671349
6671357
6671365
6671373
6671381
6671403
6671411
6671438
6671942
6671950
6671977
6671985
6673465
6673473
6673481
6673503
6673511
6675700
6675719
6675727
6675735
6676774
6676782
6676790
6677193
6677428
6680984
6680992
6681018
6681026
6681034
6681042
6681646
6681662
6681719
6681905
6681913
6681921
6681948
6681956
6681964
6681972
6681980
6681999
6682006
6682014
6682022
6682030
6682049
6682057
6682065
6682073
6682081
6682103
6682111
6682138
6682146
6682154
6682162
6682170
6682189
6682472
6683053
6683061
6683088
6683096
6683118
6683126
6683134
6683142
6683169
6683177
6683185
6683215
6683223
6683231
6683258
6683266
6683274
6683282
6683290
6683304
6683312
6683320
6683339
6683347
6683355
6683363
6683371
6683398
6683401
6683428
6683436
6683444
6685668
6685684
6685722
6685730
6685757
6685803
6685811
6685897
6686559
6686567
6686575
6686583
6686591
6686605
6686613
6686621
6686648
6686656
6686664
6686672
6686680
6686699
6686702
6686710
6686729
6687466
6687474
6688039
6688047
6688055
6688063
6688071
6688098
6688101
6688128
6688136
6688144
6688152
6688187
6688195
6688209
6688217
6688225
6688233
6688241
6688268
6688276
6688284
6688292
6688306
6688314
6688322
6688330
6688349
6688357
6688519
6688527
6688535
6688543
6688551
6690688
6690696
6690718
6690726
6690734
6690742
6691315
6691323
6691331
6691358
6691366
6692710
6692729
6692818
6692826
6694454
6694470
6694489
6694497
6694500
6694527
6694535
6694543
6694551
6694578
6694586
6694705
6694713
6694721
6694748
6694756
6694764
6694772
6694780
6694799
6694802
6694810
6694829
6694837
6694845
6694853
6694861
6694888
6694896
6694918
6694926
6694934
6694942
6694950
6694969
6694977
6694985
6694993
6695000
6695019
6695027
6698263
6698271
6698298
6698301
6698328
6698336
6698344
6698352
6698360
6698379
6698387
6698395
6699510
6699529
6699537
6699545
6699553
6699561
6699588
6699596
6700608
6701310
6701329
6701337
6701353
6701361
6701388
6701396
6701418
6701426
6701434
6701442
6701450
6701469
6701477
6701485
6701493
6702856
6702864
6702872
6702880
6702899
6704808
6704816
6704824
6704832
6704840
6704859
6706371
6706398
6706401
6706428
6706436
6706444
6706452
6706460
6706479
6706487
6706495
6706509
6706517
6706525
6706991
6707009
6707017
6707084
6707092
6707106
6707157
6707165
6707173
6707181
6707203
6707785
6707793
6707807
6707815
6707823
6707831
6707858
6707866
6708323
6708463
6708471
6708498
6708501
6708528
6708617
6732216
6733255
6733263
6733271
6733298
6733530
6733549
6736564
6736572
6736580
6736599
6736602
6744028
6772315
6836135
7582404
7789696
7790015
1980769
1980777
1980793
1980807
1980815
1980831
1980866
1980882
1981943
1981951
1981978
1981994
1982001
1982052
1982087
1982109
1982230
1982249
1982257
1982265
1982273
1982311
1982346
1982354
1982370
3357651
3358291
6277837
6277845
6277853
6277861
6277888
6277896
6277918
6277926
6277934
6277950
6277969
6277977
6657664
6657672
6657559
6657656
6339476
6708005
6708013
5810140
6648932
6731783
6662706
6042716
6708021
6766080
6679986
6662692
1252356
1460005
1460080
1725874
1725882
1729403
1778560
1778692
1778854
1778862
1843389
2412373
2665565
4993942
5043573
5240794
5240921
5240948
5241464
5661498
5966841
5974844
6091164
6173721
6173756
6177298
6182348
6214665
6214738
6214762
6214770
6214835
6215289
6215319
6216072
6216773
6216846
6216951
6217079
6219918
6220584
6220592
6224016
6258875
6265286
6265294
6295746
6302629
6353517
6363644
6381448
6381456
6381472
6396615
6451322
6451810
6451829
6451853
6451861
6546161
6600093
6600107
6600115
6607926
6607942
6607950
6607969
6607977
6611583
6611591
6611613
6677304
6677347
6677355
6677371
6677398
6677401
6679374
6679382
6679390
6754619
6754627
6754635
6754643
6754651
6754678
6754686
6754694
6754708
6754775
6754783
6763286
4373456
6037216
6067018
6089666
6091342
6091377
6107168
6191169
6264026
6264034
6264042
6264107
6264123
6264131
6290701
6412580
6450245
6450318
6450334
6481620
6506445
7750226
1025112
1200836
1200925
1300881
1601369
1623311
1623338
1763091
1763113
1777661
1850164
1908758
1968769
1982532
1982575
1982699
2143097
3185397
3649911
4309790
4940962
5613035
5970644
5981581
6130364
6132871
6132898
6180981
6181007
6183271
6191061
6191126
6196225
6196241
6228720
6228755
6259227
6282962
6282970
6287972
6287980
6296459
6360017
6360025
6417272
7853602
1031732
1038214
1038435
1256777
1518364
1527169
1527924
1528041
1544152
1544543
1544624
1544780
1551280
1552147
1555189
1566342
1604171
1604228
1604368
1604481
1621092
1640437
1780794
1780867
1818589
1818694
1827154
1827170
1827987
1828002
1833642
1834738
1834762
1834851
1838741
1839187
1839357
1839373
1840452
1841297
1846701
1846744
1846752
1879642
1879650
1879693
1885626
1916149
2327457
2454092
2562766
2652641
3068323
3438783
3925145
3925188
3927695
3934705
3984621
3984761
4922638
4923111
4923308
4925599
4929152
4936019
5035821
5036291
5036526
5036550
5036577
5037646
5037654
5038790
5038812
5038820
5038839
5038847
5039150
5039207
5039258
5039266
5039274
5039320
5039347
5039355
5039452
5041856
5042143
5042151
5042178
5042186
5042194
5042208
5042216
5042224
5042232
5042259
5042275
5042283
5042291
5042305
5042518
5042585
5045045
5045053
5045088
5045096
5045169
5045231
5099021
5099803
5100038
5102480
5102596
5102650
5102723
5102782
5102839
5102898
5102952
5103029
5114403
5114470
5115345
5115361
5941725
5970059
5970067
5970075
5970113
5970156
5970245
5970318
6025145
6025153
6037984
6038069
6040403
6040411
6040438
6040691
6090435
6125743
6125751
6125786
6132804
6174450
6174965
6174973
6174981
6175090
6175643
6175708
6175716
6175724
6175759
6175775
6176518
6181554
6181597
6181600
6181619
6181643
6181651
6182038
6182046
6182054
6182399
6182437
6182488
6184642
6186882
6186890
6186904
6198074
6215785
6226019
6226043
6257232
6257240
6259596
6259618
6268919
6274579
6274587
6279872
6279899
6279902
6279910
6279953
6279996
6280005
6280013
6280021
6280048
6280072
6280110
6280129
6280161
6280188
6280196
6280226
6280234
6280242
6285678
6285686
6285708
6285716
6285732
6285759
6285767
6285783
6285805
6285813
6285848
6285880
6285899
6285910
6285929
6285937
6285953
6285961
6285988
6287921
6295010
6295029
6295037
6295223
6295266
6295274
6295282
6295290
6295355
6295401
6295436
6295487
6296912
6296939
6296947
6296998
6297021
6297056
6297064
6299466
6299482
6299520
6299547
6299555
6300251
6300294
6300308
6300316
6300324
6300332
6300340
6300359
6300367
6300383
6300391
6300405
6300413
6300421
6300456
6316573
6316603
6316611
6322638
6322654
6322689
6322697
6322735
6322743
6326153
6326218
6326234
6326242
6326250
6326269
6328091
6333753
6338151
6338186
6343090
6343147
6344267
6361099
6361455
6363814
6372562
6448801
6450415
6450466
6450474
6450482
6450490
6450504
6450512
6450520
6450539
6450547
6450555
6452388
6452396
6452442
6452450
6452507
6452515
6452531
6493157
6493203
6493963
6493971
6494013
6494064
6494137
6494188
6494196
6501648
6501664
6506062
6506089
6506097
6506100
6506488
6508782
6508820
6508847
6508855
6508863
6508928
6509797
6509800
6509819
6509827
6512127
6512143
6512151
6512178
6516203
6516211
6516238
6516246
6516254
6520871
6545033
6545076
6545084
6545114
6612814
6621902
6621910
6621929
6629555
6629563
6629571
6629598
6629601
6629628
6631568
6631584
6631592
6631681
6631843
6631851
6631878
6645852
6645860
6645887
6645909
6648150
6648185
6648398
6653774
6654118
6654274
6655262
6655270
6655319
6655327
6655335
6655343
6655351
6655378
6656749
6659489
6665144
6677363
7586140
7638744
7713398
7802439
7802498
7808143
7808224
7822006
7829329
7830157
4026411
6291058
6291066
6291074
6291090
6291104
6291112
6291139
6291155
6291228
6291236
6291252
6731821
6731848
6731856
6731864
6731872
6731880
6731899
6731902
6731910
6731929
6731937
6731945
6731953
6731961
6731988
6732798
6732801
6732828
5043751
5043778
5043824
5044049
6329888
6329896
6329993
6330002
6330010
6330029
6330045
6330053
6330061
6330088
6330096
6330118
6330126
6330134
6330142
6330150
6330169
6330177
6330185
6330193
6330207
6330215
6330223
6330258
6330266
6330274
6330290
6330304
6330312
6330320
6330339
6330347
6330355
6330363
6330371
6330398
6334601
6334628
6344305
1044788
1044796
1078925
1081748
1084828
1085050
1085476
1085778
1086413
1086529
1097814
1097946
1098381
1196790
1197029
1254367
1254626
1254634
1254642
1254677
1272632
1273124
1273140
1273191
1273809
1274635
1274678
1282182
1284479
1285327
1296353
1296574
1297147
1543334
1543369
1543415
1543423
1557645
1567888
1587692
1587870
1615122
1626167
1626183
1633996
1634011
1634038
1694073
1694081
1770845
1820761
1820818
1821563
1821601
1821628
1821652
1821709
1826964
1855174
1855182
1855190
1915673
1915703
1917641
1919679
1919903
1920022
1920243
1960253
1963449
1964194
1973681
1974491
1975323
1975641
1975668
1975676
1975684
1975730
1975846
1976915
1976923
1977016
1977024
1977040
1977377
1977733
1978810
1979213
1979221
1979248
1979264
1979280
1979310
1979337
1979353
1980467
1980548
1980858
1981749
1984160
1985272
1985280
1985302
1985310
1985914
1985922
1985965
1987666
1987747
1988107
1988115
1988166
1988581
1988603
1988670
1988697
1988719
1988824
1988832
1988840
1988875
1988883
1988891
1988956
1988964
1988972
2066858
2260972
2264404
2437899
2511584
2527669
2528320
2650487
2651661
2682958
2861941
2874024
3357643
3358534
3551172
3974170
3974278
3974294
3974316
3974324
3974340
3974448
3980170
3980391
5012171
5012236
5042879
5046009
5259029
5574935
5688329
5809746
5812887
5969557
5973392
5974666
5980550
5983479
5983533
5983584
5983592
5983630
5983649
6008178
6024742
6029167
6037755
6076378
6113834
6113850
6113885
6113966
6114024
6114083
6114210
6114326
6114334
6114385
6114393
6118097
6119913
6129773
6129781
6130003
6130038
6132707
6171435
6171451
6171478
6171486
6171494
6171508
6171516
6171524
6171532
6210074
6210082
6210112
6210120
6210147
6220304
6220312
6220320
6220339
6220355
6220363
6220401
6220428
6220444
6220460
6220479
6220487
6220495
6220517
6229069
6229115
6229174
6229182
6229190
6229204
6229212
6229239
6229859
6229867
6229875
6229883
6229905
6229913
6229956
6230008
6230024
6230040
6230059
6230067
6230075
6230156
6230172
6230180
6243363
6243371
6243398
6243460
6243509
6243533
6243541
6243614
6243630
6243665
6243673
6243746
6243754
6243770
6243789
6243797
6243819
6243851
6243878
6243916
6259928
6260675
6260713
6260764
6261043
6261469
6264549
6264719
6265871
6265901
6265928
6265944
6265952
6265979
6265987
6265995
6266002
6266029
6266053
6266932
6267025
6267033
6267041
6267068
6267084
6267092
6267122
6267130
6267149
6267173
6267181
6267696
6267750
6267866
6267874
6267904
6267920
6267939
6267947
6267955
6267963
6268773
6268846
6268854
6268862
6272746
6273009
6273122
6273149
6273793
6274250
6274315
6274366
6274374
6274455
6274625
6276377
6276415
6276458
6276482
6277691
6282725
6286550
6286577
6286593
6286631
6287069
6287077
6287085
6287123
6291821
6291872
6293921
6293948
6293964
6299792
6299806
6299814
6299857
6299938
6299946
6301622
6301630
6301665
6302734
6302742
6302750
6319416
6319424
6319432
6319440
6319459
6323618
6323642
6326609
6328989
6328997
6329039
6329349
6333567
6333583
6333591
6333605
6333656
6333672
6333680
6333699
6333702
6333710
6337384
6340334
6340369
6340377
6341454
6341462
6341489
6341497
6341500
6341756
6341888
6342957
6344429
6346901
6347010
6347096
6347169
6347185
6348289
6348386
6350097
6350135
6350186
6350267
6352774
6352804
6352863
6353320
6354254
6355390
6355471
6355560
6355609
6356044
6356079
6356133
6356141
6356567
6356591
6356605
6356710
6357415
6357423
6357504
6357512
6357563
6357571
6362303
6362311
6364896
6373836
6373844
6381499
6450989
6451047
6451055
6451063
6451071
6451098
6451101
6452221
6452256
6452264
6452280
6452299
6474004
6474063
6474071
6474101
6474128
6474144
6477216
6477224
6477232
6477259
6477267
6477275
6477518
6477534
6477542
6477550
6477569
6477577
6477585
6477593
6477607
6482279
6482287
6482295
6482309
6482333
6482341
6482368
6482376
6482384
6482406
6482414
6484239
6485618
6485626
6485634
6485685
6485707
6485774
6485790
6485812
6485820
6485839
6485855
6485863
6485928
6485936
6485944
6485952
6485960
6485995
6486029
6676839
6684742
6684750
6684777
7583524
7583591
7689411
7689438
7840160
7840276
7842120
