
KEYED FILE IS FULL - SRMOD.DAT
=============================
 695

KEYED FILE IS FULL - SRPDF.DAT
=============================
  45
 168
 171
 190
 199
 237
 247
 249
 268
 293
 323
 397
 524
 530
 553
 561
 585
 617
 644
 692
 700
 715
 748
 768
 769
 850
 880
 885
 936
 969
1067
1157
1161
1292
1301
1457
1527
1607
1666
1707
1729
1903
2032
2092
5049
5060
5066
5072
6009
6028
6060
6402
6415
6459
6474
6476
6490
6502
6515
6530
6565
6573
6584
6701

KEYED FILE PERFORMANCE - CCILF.BIN
==================================
1940
6492

KEYED FILE PERFORMANCE - DHF.BIN
==================================
1378

KEYED FILE PERFORMANCE - EALIMLST.DAT
==================================
   6
  23
  85
 272
 280
 675
 680
 707
 821
 836
1000
1483
1523
6073

KEYED FILE PERFORMANCE - EALITEMR.DAT
==================================
  79
 106
 205
 707
 721
 725
 726
 730
 731
 734
 745
 755
 767
 773
 774
 779
 781
 782
 783
 811
 820
 832
 838
 839
1295
1428
1519
1521
1528
1532
1533
1568
1571
1601
1602
1608
1613
1618
1626
1636
1974
2012
2118
5049
5062
6079
6093
6535

KEYED FILE PERFORMANCE - IDF.BIN
==================================
 294
 318
 433
 536
 542
 556
 659
 703
 731
 744
 755
 782
 803
 820
1221
1455
1523
1527
1608
1717
1721
1723
1755
1787
1791
1974
1995
2094
6093

KEYED FILE PERFORMANCE - ISF.BIN
==================================
 972
1949

KEYED FILE PERFORMANCE - PHF.BIN
==================================
   2
   7
  10
  14
  17
  20
  24
  30
  31
  33
  34
  35
  41
  42
  48
  52
  65
  71
  72
  78
  80
  83
  86
  89
  90
  92
 100
 101
 107
 108
 116
 122
 123
 124
 134
 137
 141
 142
 147
 148
 149
 150
 154
 161
 162
 164
 165
 167
 168
 170
 174
 175
 176
 177
 178
 179
 183
 186
 189
 191
 197
 203
 205
 209
 211
 215
 216
 221
 222
 227
 228
 229
 232
 236
 238
 239
 241
 242
 244
 246
 254
 256
 260
 262
 263
 264
 268
 277
 288
 290
 291
 292
 296
 300
 305
 315
 316
 318
 319
 322
 323
 325
 328
 331
 332
 333
 335
 336
 340
 345
 346
 351
 352
 354
 361
 364
 366
 367
 368
 371
 372
 377
 382
 384
 388
 392
 394
 402
 403
 408
 409
 411
 415
 417
 420
 425
 426
 428
 434
 438
 439
 443
 447
 451
 452
 453
 454
 459
 460
 463
 464
 465
 467
 468
 474
 476
 477
 479
 481
 482
 484
 487
 489
 491
 492
 494
 495
 496
 498
 499
 500
 503
 504
 507
 509
 510
 512
 513
 519
 520
 522
 523
 525
 528
 531
 534
 536
 537
 538
 540
 541
 543
 548
 549
 556
 557
 561
 564
 565
 566
 573
 575
 590
 591
 593
 594
 595
 596
 601
 603
 605
 606
 616
 618
 619
 627
 628
 630
 632
 634
 635
 639
 641
 644
 646
 659
 660
 664
 667
 673
 674
 676
 677
 681
 684
 693
 695
 696
 698
 699
 706
 707
 717
 718
 721
 723
 725
 726
 731
 734
 735
 739
 740
 743
 749
 755
 758
 761
 762
 763
 767
 768
 772
 773
 774
 775
 782
 783
 785
 787
 788
 793
 797
 800
 801
 803
 805
 806
 808
 813
 820
 821
 822
 828
 830
 835
 836
 837
 838
 839
 843
 849
 850
 853
 856
 857
 858
 861
 863
 865
 868
 870
 871
 874
 878
 879
 882
 883
 884
 885
 886
 895
 908
 910
 916
 920
 922
 923
 924
 927
 928
 930
 931
 932
 933
 935
 938
 940
 941
 946
 949
 950
 957
 959
 960
 963
 966
 978
 982
 983
 984
 992
 998
1000
1002
1004
1009
1010
1015
1016
1017
1020
1022
1025
1029
1030
1038
1041
1049
1056
1066
1068
1072
1075
1076
1079
1080
1081
1082
1084
1087
1092
1095
1097
1101
1102
1112
1115
1116
1117
1134
1139
1142
1146
1147
1149
1152
1153
1159
1161
1167
1171
1173
1179
1181
1192
1194
1195
1203
1205
1207
1211
1213
1219
1235
1239
1240
1243
1245
1247
1248
1251
1253
1255
1256
1257
1259
1262
1264
1267
1272
1276
1279
1282
1295
1302
1305
1324
1325
1328
1329
1331
1332
1334
1336
1337
1343
1345
1347
1349
1352
1353
1355
1357
1363
1365
1366
1368
1371
1374
1377
1386
1387
1388
1389
1390
1391
1409
1410
1413
1414
1421
1423
1425
1428
1433
1434
1435
1437
1447
1449
1450
1454
1456
1462
1463
1467
1469
1472
1475
1478
1479
1480
1481
1482
1483
1487
1498
1506
1508
1509
1510
1515
1519
1521
1523
1524
1525
1527
1528
1532
1533
1534
1537
1541
1544
1545
1548
1555
1559
1562
1564
1567
1570
1571
1574
1576
1588
1589
1595
1596
1598
1602
1608
1616
1618
1624
1626
1641
1643
1645
1647
1648
1653
1659
1661
1662
1701
1714
1721
1758
1759
1802
1805
1807
1813
1814
1815
1817
1822
1823
1825
1826
1827
1830
1831
1834
1848
1849
1851
1853
1854
1855
1862
1863
1865
2008
2013
2014
2017
2019
2020
2023
2025
2026
2030
2039
2045
2048
2049
2051
2052
2054
2057
2058
2059
2061
2067
2074
2079
2080
2094
2102
2105
2110
2115
2116
2117
2609
2777
5004
5007
5008
5010
5011
5013
5015
5017
5025
5026
5036
5045
5049
5050
5057
5060
5062
5071
5072
5077
5082
5086
5432
5536
5624
6005
6008
6012
6015
6018
6022
6024
6025
6029
6037
6039
6043
6045
6046
6050
6051
6053
6054
6065
6066
6072
6076
6078
6082
6089
6090
6091
6113
6401
6403
6404
6406
6417
6420
6422
6434
6439
6441
6442
6444
6446
6455
6465
6476
6477
6478
6480
6481
6484
6485
6487
6490
6492
6497
6500
6502
6507
6521
6523
6526
6528
6529
6532
6534
6538
6542
6546
6547
6553
6559
6564
6565
6566
6571
6572
6573
6576
6577
6580
6588
6590

KEYED FILE PERFORMANCE - SRITEML.DAT
==================================
 138
 158
 260
 500
 675
 680
 707
1669
2777

KEYED FILE PERFORMANCE - SRITEMP.DAT
==================================
  61
  96
 323
 633
 680
 746
 970
1200
1705
2004
5002
6404
6405
6500
6523
6526

KEYED FILE PERFORMANCE - SRMOD.DAT
==================================
   7
  12
  52
  61
 138
 176
 220
 222
 254
 264
 272
 280
 301
 305
 323
 375
 380
 390
 479
 500
 506
 520
 562
 567
 570
 600
 680
 695
 812
 866
 885
 913
 917
 930
 935
 938
 941
 944
 956
 970
 973
 983
1012
1018
1157
1179
1200
1298
1447
1562
1571
1616
1620
1624
1626
1701
1707
1727
1770
1802
2023
2024
2079
5049
6006
6032
6094
6420
6423
6426
6431
6482
6488
6521
6526
6546
6593
6596
6701

KEYED FILE PERFORMANCE - SRPDF.DAT
==================================
  23
  37
  57
  64
 110
 158
 163
 190
 196
 217
 254
 260
 261
 268
 394
 439
 446
 472
 519
 530
 550
 570
 585
 644
 700
 747
 768
 824
 849
 866
 936
 950
 969
 989
1014
1096
1103
1298
1301
1548
1616
1666
1707
1721
1729
1818
2089
5009
5072
6028
6034
6404
6450
6490
6502
6530
6534
6535
6540
6549
6567
6599
6701
6706

KEYED FILE PERFORMANCE - SRPOG.DAT
==================================
 913
1571

KEYED FILE PERFORMANCE - SRSXF.DAT
==================================
 707
 795
 803
 812
 853
1016
1150
1624
1700
6537

LOG EXCEPTIONS
==============
  97
