
DRIVE FAILURE - D
=========================
 871

KEYED FILE IS FULL - SRMOD.DAT
=============================
6596

KEYED FILE IS FULL - SRPDF.DAT
=============================
  12
  52
 163
 171
 190
 196
 199
 249
 268
 293
 394
 446
 472
 524
 553
 559
 561
 570
 585
 617
 625
 692
 700
 715
 748
 768
 849
 885
 934
 969
 993
1014
1096
1103
1157
1161
1200
1292
1527
1607
1616
1743
1774
1818
1903
2010
2032
2092
5049
5060
5066
6009
6028
6034
6060
6402
6404
6415
6450
6474
6476
6502
6530
6549
6565
6567
6573
6577
6599
6615
6706

KEYED FILE IS FULL - SRPOG.DAT
=============================
6528

KEYED FILE PERFORMANCE - CCILF.BIN
==================================
6442
6564

KEYED FILE PERFORMANCE - CCLAM.BIN
==================================
 577

KEYED FILE PERFORMANCE - EALIMLST.DAT
==================================
  59
  85
1200

KEYED FILE PERFORMANCE - EALITEMR.DAT
==================================
 547
 828
 972
1035
1042
1248
1368
1414
1819
6079

KEYED FILE PERFORMANCE - IDF.BIN
==================================
  46
 120
 424
 527
 537
 547
 601
 780
 960
 972
 986
1040
1042
1113
1140
1188
1328
1331
1332
1338
1341
1343
1345
1349
1357
1377
1385
1435
1660
1661
1662
1683
1708
1745
1949
6025
6568

KEYED FILE PERFORMANCE - PHF.BIN
==================================
   5
   9
  11
  16
  18
  26
  28
  32
  33
  36
  38
  40
  51
  53
  54
  57
  62
  67
  73
  74
  75
  87
  90
  93
  98
 109
 110
 113
 116
 119
 120
 123
 127
 129
 130
 135
 137
 144
 155
 156
 160
 166
 169
 171
 172
 176
 181
 182
 185
 193
 198
 205
 209
 218
 224
 228
 237
 242
 252
 253
 255
 258
 261
 267
 273
 281
 282
 283
 285
 286
 295
 299
 313
 317
 326
 332
 333
 337
 341
 345
 349
 350
 353
 355
 356
 362
 365
 373
 380
 382
 391
 395
 396
 401
 405
 412
 417
 419
 421
 424
 432
 433
 441
 445
 446
 455
 456
 458
 460
 461
 464
 467
 472
 473
 479
 483
 492
 498
 502
 511
 512
 518
 522
 526
 527
 531
 533
 536
 541
 542
 545
 553
 554
 556
 559
 561
 567
 571
 575
 576
 579
 581
 583
 587
 588
 592
 597
 601
 611
 615
 618
 622
 625
 642
 645
 651
 653
 656
 658
 659
 670
 679
 683
 691
 694
 699
 713
 714
 716
 720
 734
 745
 748
 750
 751
 756
 762
 769
 778
 780
 786
 800
 801
 805
 814
 817
 819
 822
 824
 831
 842
 853
 856
 861
 863
 865
 870
 875
 876
 878
 880
 881
 886
 892
 897
 907
 908
 909
 913
 914
 916
 921
 922
 924
 929
 933
 936
 948
 961
 964
 969
 974
 983
 985
 989
 991
 993
1001
1012
1013
1016
1029
1039
1048
1058
1078
1086
1096
1110
1113
1117
1118
1123
1124
1127
1129
1133
1144
1154
1165
1167
1178
1187
1193
1199
1205
1211
1215
1218
1223
1227
1233
1234
1236
1239
1244
1246
1248
1258
1277
1292
1295
1302
1305
1324
1325
1326
1328
1329
1332
1341
1343
1361
1371
1374
1377
1385
1387
1388
1389
1390
1391
1400
1403
1407
1415
1425
1441
1445
1447
1455
1465
1474
1482
1490
1491
1526
1536
1538
1540
1550
1557
1559
1579
1580
1584
1585
1587
1595
1626
1648
1659
1661
1662
1801
1808
1818
1826
1828
1839
1848
1854
1855
2006
2010
2023
2032
2054
2057
2070
2102
2109
5016
5019
5031
5034
5053
5066
5067
5068
5536
6003
6005
6016
6039
6041
6050
6053
6094
6113
6494
6497
6499
6504
6511
6520
6524
6537
6542
6546
6555
6558
6561
6564
6565
6567
6575

KEYED FILE PERFORMANCE - SRITEML.DAT
==================================
   6
  23
  61
  85
  86
 138
 158
 243
 259
 260
 272
 323
 330
 500
 633
 650
 675
 680
 707
 746
 818
 821
 836
 849
 866
 884
 917
 956
 973
1060
1150
1191
1200
1449
1705
2011
2012
2092
2777
5002
6009
6073
6478
6500
6523
6526

KEYED FILE PERFORMANCE - SRITEMP.DAT
==================================
  61
 272
 280
 917
 956
1200
6404
6500
6526

KEYED FILE PERFORMANCE - SRMOD.DAT
==================================
  12
  23
  37
  61
  77
  84
  90
  97
 138
 144
 156
 158
 163
 191
 200
 215
 218
 220
 222
 224
 237
 241
 243
 251
 253
 262
 264
 272
 280
 301
 304
 317
 331
 350
 375
 389
 395
 417
 421
 424
 439
 443
 446
 451
 472
 479
 490
 500
 505
 519
 530
 537
 540
 551
 553
 562
 570
 577
 579
 583
 587
 600
 625
 630
 636
 640
 643
 651
 672
 675
 681
 714
 717
 723
 746
 747
 750
 758
 763
 786
 818
 819
 836
 849
 866
 869
 877
 913
 917
 926
 934
 935
 938
 944
 969
 972
 983
1001
1003
1012
1016
1018
1023
1024
1035
1038
1040
1078
1096
1104
1123
1138
1150
1153
1154
1157
1200
1230
1277
1298
1415
1433
1447
1449
1457
1465
1481
1523
1524
1532
1579
1580
1616
1620
1626
1701
1705
1716
1774
1777
1833
1840
2006
2010
2023
2024
2037
2079
2089
2366
5002
5009
5049
5349
6009
6032
6052
6386
6404
6408
6412
6413
6422
6426
6432
6453
6476
6478
6482
6483
6488
6504
6521
6525
6526
6528
6531
6540
6546
6562
6586
6594
6595
6596
6608
6614
6615
6618

KEYED FILE PERFORMANCE - SRPDF.DAT
==================================
  12
  23
  29
  55
  59
  64
  84
  89
  96
 109
 110
 127
 132
 138
 156
 163
 190
 200
 222
 232
 240
 253
 259
 260
 267
 272
 274
 286
 290
 301
 305
 309
 330
 350
 421
 439
 459
 500
 506
 526
 531
 540
 548
 553
 559
 570
 600
 602
 625
 630
 633
 642
 651
 664
 672
 707
 713
 714
 723
 747
 750
 752
 795
 801
 803
 809
 819
 824
 836
 842
 849
 858
 865
 884
 885
 906
 916
 917
 926
 928
 930
 932
 934
 935
 938
 940
 941
 944
 945
 950
 953
 964
 972
 989
 994
1000
1023
1024
1038
1039
1078
1096
1103
1104
1123
1133
1136
1138
1140
1154
1166
1179
1182
1189
1200
1277
1433
1449
1481
1523
1562
1580
1585
1616
1620
1660
1702
1706
1708
1727
1739
1743
1744
1745
1746
1747
1774
1782
1813
1818
1905
1998
2006
2023
2037
2070
2079
5009
5067
5072
6009
6032
6386
6404
6406
6414
6423
6424
6426
6436
6438
6446
6449
6450
6455
6462
6467
6478
6481
6483
6484
6488
6500
6504
6512
6523
6532
6542
6547
6553
6554
6555
6559
6561
6566
6567
6572
6574
6576
6577
6580
6584
6587
6590
6596
6615
6618
6619
6704

KEYED FILE PERFORMANCE - SRPOG.DAT
==================================
  90
 190
 220
 323
 380
 479
 506
 520
 553
 562
 625
 630
 695
 739
 763
 914
 930
 983
1018
1096
1103
1157
1433
1447
1457
1562
1580
1624
1626
2079
2092
5009
6032
6386
6412
6420
6423
6521
6528
6546
6595
6596
6615

KEYED FILE PERFORMANCE - SRSXF.DAT
==================================
 185
 311
 323
 531
 583
 633
 707
 795
 817
 846
 853
1114
1123
1150
1153
1189
1570
1700
1702
2012
2053
6531
6537
6566
6704
